#Layer_Color=16711935
#
#Feature symbol names
#
$0 r3.937

#
#Feature attribute names
#

#
#Layer features
#
A 1.019685 1.1904664 1.0994758 1.1106756 1.0994758 1.1904664 0 P 0 N
A 1.022 1.742 1.032 1.752 1.022 1.752 0 P 0 N
A 1.032 1.968 1.022 1.978 1.022 1.968 0 P 0 N
A 1.099 2.4497402 1.0202598 2.371 1.099 2.371 0 P 0 N
A 1.613 1.123 1.603 1.113 1.613 1.113 0 P 0 N
A 1.776 1.113 1.766 1.123 1.766 1.113 0 P 0 N
A 2.28 1.288 2.182 1.19 2.28 1.19 0 P 0 N
A 2.347 1.752 2.357 1.742 2.357 1.752 0 P 0 N
A 2.357 1.978 2.347 1.968 2.357 1.968 0 P 0 N
A 2.3587402 2.371 2.28 2.4497402 2.28 2.371 0 P 0 N
L 1.019685 1.1904664 1.019685 1.742 0 P 0
L 1.019685 1.742 1.022 1.742 0 P 0
L 1.019685 1.978 1.019685 2.371 0 P 0
L 1.019685 1.978 1.022 1.978 0 P 0
L 1.019685 2.371 1.0202598 2.371 0 P 0
L 1.032 1.752 1.032 1.968 0 P 0
L 1.099 2.4488189 1.099 2.4497402 0 P 0
L 1.099 2.4488189 2.28 2.4488189 0 P 0
L 1.0994758 1.1106756 1.6007953 1.11 0 P 0
L 1.6007953 1.11 1.603 1.1122047 0 P 0
L 1.603 1.1122047 1.603 1.113 0 P 0
L 1.613 1.123 1.766 1.123 0 P 0
L 1.776 1.1122047 1.776 1.113 0 P 0
L 1.776 1.1122047 2.182 1.1122047 0 P 0
L 2.182 1.1122047 2.182 1.19 0 P 0
L 2.28 1.288 2.3582677 1.288 0 P 0
L 2.28 2.4488189 2.28 2.4497402 0 P 0
L 2.347 1.752 2.347 1.968 0 P 0
L 2.357 1.742 2.3582677 1.742 0 P 0
L 2.357 1.978 2.3582677 1.978 0 P 0
L 2.3582677 1.288 2.3582677 1.742 0 P 0
L 2.3582677 1.978 2.3582677 2.371 0 P 0
L 2.3582677 2.371 2.3587402 2.371 0 P 0
